 programa              -1      -1                1   
 inicio                -2      -1                1   
 entero                -11     -1                2   
 i                     -51     -2                2
 ,                     -76     -1                2   
 j                     -51     -2                2
 ,                     -76     -1                2   
 k                     -51     -2                2
 ;                     -75     -1                2   
 fin                   -3      -1                3   
